%YAML:1.0
---
R: !!opencv-matrix
   rows: 3
   cols: 3
   dt: d
   data: [ 0.999369588146411, -0.0329038820658643,
       0.0133326978915621, 0.0327960252901270,
       0.999428187329473, 0.00822916134816148,
       -0.0135958454404763, -0.00778671409006518,
       0.999877252501745 ]
T: !!opencv-matrix
   rows: 3
   cols: 1
   dt: d
   data: [ 10.6692441239745, -245.109286596799,
       -3.19805068753252 ]
R1: !!opencv-matrix
   rows: 3
   cols: 3
   dt: d
   data: [ 7.9490677737585136e-01, 1.5320282228281637e-01,
       5.8707078834372139e-01, -1.1292986519221830e-01,
       9.8804656539984870e-01, -1.0493250282553147e-01,
       -5.9612923165166631e-01, 1.7113732677079864e-02,
       8.0270608526673781e-01 ]
R2: !!opencv-matrix
   rows: 3
   cols: 3
   dt: d
   data: [ 9.6324963059121627e-01, -1.7872221158897861e-02,
       -2.6801256104282278e-01, 3.5260191352526275e-02,
       9.9756306861202293e-01, 6.0205008488895081e-02,
       2.6628343559385848e-01, -6.7442626373919790e-02,
       9.6153243526992849e-01 ]
P1: !!opencv-matrix
   rows: 3
   cols: 4
   dt: d
   data: [ -1.2033555637734509e+01, 0., 1.5956484470367432e+03, 0., 0.,
       -1.2033555637734509e+01, 1.0284342346191406e+03, 0., 0., 0., 1.,
       0. ]
P2: !!opencv-matrix
   rows: 3
   cols: 4
   dt: d
   data: [ -1.2033555637734509e+01, 0., 1.5956484470367432e+03,
       4.7836673556110941e+02, 0., -1.2033555637734509e+01,
       1.0284342346191406e+03, 0., 0., 0., 1., 0. ]
Q: !!opencv-matrix
   rows: 4
   cols: 4
   dt: d
   data: [ 1., 0., 0., -1.5956484470367432e+03, 0., 1., 0.,
       -1.0284342346191406e+03, 0., 0., 0., -1.2033555637734509e+01, 0.,
       0., 2.5155502553118620e-02, 0. ]