%YAML:1.0
---
R: !!opencv-matrix
   rows: 3
   cols: 3
   dt: d
   data: [ 0.233775543235803, 0.033178680616165,
       -0.971724328468406, -0.016468085422331,
      0.999409350458080, 0.030162101708614,
       0.972151118678227, 0.008951277536110,
       0.234183853164866 ]
T: !!opencv-matrix
   rows: 3
   cols: 1
   dt: d
   data: [ 2523.968753242693, -41.882425270067390,
       1873.777567021288 ]
R1: !!opencv-matrix
   rows: 3
   cols: 3
   dt: d
   data: [ 7.9490677737585136e-01, 1.5320282228281637e-01,
       5.8707078834372139e-01, -1.1292986519221830e-01,
       9.8804656539984870e-01, -1.0493250282553147e-01,
       -5.9612923165166631e-01, 1.7113732677079864e-02,
       8.0270608526673781e-01 ]
R2: !!opencv-matrix
   rows: 3
   cols: 3
   dt: d
   data: [ 9.6324963059121627e-01, -1.7872221158897861e-02,
       -2.6801256104282278e-01, 3.5260191352526275e-02,
       9.9756306861202293e-01, 6.0205008488895081e-02,
       2.6628343559385848e-01, -6.7442626373919790e-02,
       9.6153243526992849e-01 ]
P1: !!opencv-matrix
   rows: 3
   cols: 4
   dt: d
   data: [ -1.2033555637734509e+01, 0., 1.5956484470367432e+03, 0., 0.,
       -1.2033555637734509e+01, 1.0284342346191406e+03, 0., 0., 0., 1.,
       0. ]
P2: !!opencv-matrix
   rows: 3
   cols: 4
   dt: d
   data: [ -1.2033555637734509e+01, 0., 1.5956484470367432e+03,
       4.7836673556110941e+02, 0., -1.2033555637734509e+01,
       1.0284342346191406e+03, 0., 0., 0., 1., 0. ]
Q: !!opencv-matrix
   rows: 4
   cols: 4
   dt: d
   data: [ 1., 0., 0., -1.5956484470367432e+03, 0., 1., 0.,
       -1.0284342346191406e+03, 0., 0., 0., -1.2033555637734509e+01, 0.,
       0., 2.5155502553118620e-02, 0. ]
