%YAML:1.0
---
M1: !!opencv-matrix
   rows: 3
   cols: 3
   dt: d
   data: [ 2491.184439535553, 0., 944.9859916621085, 0.,
       2493.248053343991, 543.9878913566486, 0., 0., 1. ]
D1: !!opencv-matrix
   rows: 1
   cols: 14
   dt: d
   data: [ -0.054120676778442, -0.145211923986979, -0.0001743942597976620, 0.00003491796043991915,1.436526007728364,
       0., 0., 0., 0., 0., 0., 0., 0., 0. ]
M2: !!opencv-matrix
   rows: 3
   cols: 3
   dt: d
   data: [ 2495.472911980052, 0., 973.3307534287167, 0.,
       2499.086428567232, 550.5656266196722, 0., 0., 1. ]
D2: !!opencv-matrix
   rows: 1
   cols: 14
   dt: d
   data: [ -0.071476680838019, 0.350073076069474, -0.0003453964096096310, -0.001373538104975, -1.965806985054870,
       0., 0., 0., 0., 0., 0., 0., 0., 0. ]
