%YAML:1.0
---
M1: !!opencv-matrix
   rows: 3
   cols: 3
   dt: d
   data: [ 2495.473316478546, 0., 973.3283645499203, 0.,
       2499.086225433991, 550.5654026556251, 0., 0., 1. ]
D1: !!opencv-matrix
   rows: 1
   cols: 14
   dt: d
   data: [ -0.071492459502375, 0.350479973999564, -0.0003453858067746692, -0.001373724053698,-1.968684217355443,
       0., 0., 0., 0., 0., 0., 0., 0., 0. ]
M2: !!opencv-matrix
   rows: 3
   cols: 3
   dt: d
   data: [ 2491.184089337899, 0., 944.9876308411257, 0.,
       2493.247242460464, 543.9875763873747, 0., 0., 1. ]
D2: !!opencv-matrix
   rows: 1
   cols: 14
   dt: d
   data: [ -0.054121191380574, -0.145201335319252, -0.0001743905309868444, 0.00003495359544539940, 1.436448090361890,
       0., 0., 0., 0., 0., 0., 0., 0., 0. ]
